 1.73 
 1.986196 
 2.271684 
 2.588352 
 2.937978 
 3.322181 
 3.742379 
 4.199735 
 4.695109 
 5.229007 
 5.801528 
 6.412322 
 7.060539 
 7.744798 
 8.46315 
 9.213055 
 9.991367 
 10.79433 
 11.6176 
 12.45624 
 13.30475 
 14.15717 
 15.00707 
 15.84765 
 16.67185 
 17.47238 
 18.24191 
 18.97309 
 19.65873 
 20.29189 
 20.86601 
 21.37499 
 21.81333 
 22.17624 
 22.45967 
 22.66046 
 22.77632 
 22.80595 
 22.749 
 22.60614 
 22.37896 
 22.07005 
 21.68284 
 21.22164 
 20.69147 
 20.09802 
 19.44756 
 18.74677 
 18.00269 
 17.22258 
 16.41378 
 15.58364 
 14.73936 
 13.88795 
 13.03609 
 12.19007 
 11.35572 
 10.53835 
 9.74273 
 8.973011 
 8.23276 
